2 1 3
4 3 7
3 3 5
1 3 4
4 5 8
3 6 9
2 5 7
2 6 8
2 6 8
4 7 10
3 7 10
4 8 12
2 7 9
3 12 15
4 8 11
3 9 11
4 10 13
2 8 10
4 11 15
2 15 17
3 14 16
3 14 17
4 13 17
4 12 16
4 12 16
4 13 17
3 13 16
4 15 19
3 17 20
2 13 15
2 22 24
2 19 21
2 19 21
3 18 20
4 19 23
3 21 24
3 23 26
2 21 23
4 22 26
3 23 26
2 21 23
4 24 28
3 25 28
3 23 26
3 28 31
3 26 29
4 27 30
2 26 28
3 24 27
2 25 27
3 29 32
3 28 31
3 31 34
4 33 37
3 26 29
3 31 34
4 31 34
3 27 30
5 30 35
2 30 32
4 35 39
3 34 37
3 34 37
3 35 38
3 37 40
4 33 37
