2 1 3 91
4 3 7 223
3 3 5 215
1 3 4 174
4 5 8 287
3 6 9 494
2 5 7 394
2 6 8 176
2 6 8 202
4 7 10 276
3 7 10 268
4 8 12 343
2 7 9 316
3 12 15 658
4 8 11 440
3 9 11 515
4 10 13 669
2 8 10 566
4 11 15 866
2 15 17 1338
3 14 16 1262
3 14 17 1358
4 13 17 1255
4 12 16 1223
4 12 16 1328
4 13 17 1504
3 13 16 1539
4 15 19 1905
3 17 20 2267
2 13 15 1778
2 22 24 3410
2 19 21 2831
2 19 21 2605
3 18 20 2444
4 19 23 2453
3 21 24 2693
3 23 26 2961
2 21 23 2670
4 22 26 2882
3 23 26 3155
2 21 23 3009
4 24 28 3533
3 25 28 3904
3 23 26 3703
3 28 31 4676
3 26 29 4549
4 27 30 4838
2 26 28 4697
3 24 27 4478
2 25 27 4915
3 29 32 5983
3 28 31 5868
3 31 34 6750
4 33 37 7347
3 26 29 5785
3 31 34 7254
4 31 34 7496
3 27 30 6683
5 30 35 7502
2 30 32 7789
4 35 39 9376
3 34 37 9413
3 34 37 9712
3 35 38 10610
3 37 40 11249
4 33 37 10027
