3 5 7 372
3 9 8 538
3 9 10 537
3 8 9 200
2 8 8 193
2 11 11 280
4 9 11 259
3 10 11 270
3 8 10 229
5 8 11 218
2 5 7 146
3 7 9 226
2 7 9 243
4 8 12 260
3 8 11 278
4 7 10 219
3 6 9 200
2 5 7 170
3 7 10 233
5 8 13 278
4 6 10 202
3 7 9 269
3 7 10 252
1 7 8 238
4 6 10 213
5 9 13 347
2 7 9 257
3 6 9 209
4 6 10 218
3 9 12 337
4 8 12 302
3 9 11 344
2 4 6 140
2 8 9 303
4 5 9 182
2 9 11 314
1 8 9 299
4 8 12 284
3 6 8 221
2 5 7 175
4 7 11 253
3 5 8 172
3 7 10 230
2 8 10 288
3 8 11 267
2 10 12 357
5 9 14 289
3 6 9 191
4 6 9 199
4 7 10 226
4 6 10 179
3 6 9 174
4 8 11 252
3 6 8 184
4 7 11 194
1 8 9 214
2 6 8 162
4 8 11 229
3 7 10 176
4 8 11 213
2 7 9 166
3 9 11 228
3 6 9 142
2 6 7 143
3 7 10 144
3 6 8 130
2 5 7 102
4 7 11 151
